<?xml version="1.0" encoding="utf-8"?>
<COLLADA xmlns="http://www.collada.org/2005/11/COLLADASchema" version="1.4.0">
  <asset>
    <contributor>
      <author></author>
      <authoring_tool>FBX COLLADA exporter</authoring_tool>
      <comments></comments>
    </contributor>
    <created>2010-02-04T11:28:36Z</created>
    <modified>2010-02-04T11:28:36Z</modified>
    <revision></revision>
    <title></title>
    <subject></subject>
    <keywords></keywords>
    <unit meter="0.025400"/>
    <up_axis>Y_UP</up_axis>
  </asset>
  <library_geometries>
    <geometry id="Box01-lib" name="Box01Mesh">
      <mesh>
        <source id="Box01-lib-Position">
          <float_array id="Box01-lib-Position-array" count="72">
-5.803783 -6.543925 0.000000
5.803783 -6.543925 0.000000
-5.803783 6.543925 0.000000
5.803783 6.543925 0.000000
-5.803783 -6.543925 94.995476
5.803783 -6.543925 94.995476
-5.803783 6.543925 94.995476
5.803783 6.543925 94.995476
-5.803783 -6.543925 18.999096
5.803783 -6.543925 18.999096
5.803783 6.543925 18.999096
-5.803783 6.543925 18.999096
-5.803783 -6.543925 37.998192
5.803783 -6.543925 37.998192
5.803783 6.543925 37.998192
-5.803783 6.543925 37.998192
-5.803783 -6.543925 56.997288
5.803783 -6.543925 56.997288
5.803783 6.543925 56.997288
-5.803783 6.543925 56.997288
-5.803783 -6.543925 75.996384
5.803783 -6.543925 75.996384
5.803783 6.543925 75.996384
-5.803783 6.543925 75.996384
</float_array>
          <technique_common>
            <accessor source="#Box01-lib-Position-array" count="24" stride="3">
              <param name="X" type="float"/>
              <param name="Y" type="float"/>
              <param name="Z" type="float"/>
            </accessor>
          </technique_common>
        </source>
        <source id="Box01-lib-Normal0">
          <float_array id="Box01-lib-Normal0-array" count="396">
0.000000 0.000000 -1.000000
0.000000 0.000000 -1.000000
0.000000 0.000000 -1.000000
0.000000 0.000000 -1.000000
0.000000 0.000000 -1.000000
0.000000 0.000000 -1.000000
0.000000 0.000000 1.000000
0.000000 0.000000 1.000000
0.000000 0.000000 1.000000
0.000000 0.000000 1.000000
0.000000 0.000000 1.000000
0.000000 0.000000 1.000000
0.000000 -1.000000 0.000000
0.000000 -1.000000 0.000000
0.000000 -1.000000 0.000000
0.000000 -1.000000 0.000000
0.000000 -1.000000 0.000000
0.000000 -1.000000 0.000000
0.000000 -1.000000 0.000000
0.000000 -1.000000 0.000000
0.000000 -1.000000 0.000000
0.000000 -1.000000 0.000000
0.000000 -1.000000 0.000000
0.000000 -1.000000 0.000000
0.000000 -1.000000 0.000000
0.000000 -1.000000 0.000000
0.000000 -1.000000 0.000000
0.000000 -1.000000 0.000000
0.000000 -1.000000 0.000000
0.000000 -1.000000 0.000000
0.000000 -1.000000 0.000000
0.000000 -1.000000 0.000000
0.000000 -1.000000 0.000000
0.000000 -1.000000 0.000000
0.000000 -1.000000 0.000000
0.000000 -1.000000 0.000000
0.000000 -1.000000 0.000000
0.000000 -1.000000 0.000000
0.000000 -1.000000 0.000000
0.000000 -1.000000 0.000000
0.000000 -1.000000 0.000000
0.000000 -1.000000 0.000000
1.000000 0.000000 0.000000
1.000000 0.000000 0.000000
1.000000 0.000000 0.000000
1.000000 0.000000 0.000000
1.000000 0.000000 0.000000
1.000000 0.000000 0.000000
1.000000 0.000000 0.000000
1.000000 0.000000 0.000000
1.000000 0.000000 0.000000
1.000000 0.000000 0.000000
1.000000 0.000000 0.000000
1.000000 0.000000 0.000000
1.000000 0.000000 0.000000
1.000000 0.000000 0.000000
1.000000 0.000000 0.000000
1.000000 0.000000 0.000000
1.000000 0.000000 0.000000
1.000000 0.000000 0.000000
1.000000 0.000000 0.000000
1.000000 0.000000 0.000000
1.000000 0.000000 0.000000
1.000000 0.000000 0.000000
1.000000 0.000000 0.000000
1.000000 0.000000 0.000000
1.000000 0.000000 0.000000
1.000000 0.000000 0.000000
1.000000 0.000000 0.000000
1.000000 0.000000 0.000000
1.000000 0.000000 0.000000
1.000000 0.000000 0.000000
0.000000 1.000000 0.000000
0.000000 1.000000 0.000000
0.000000 1.000000 0.000000
0.000000 1.000000 0.000000
0.000000 1.000000 0.000000
0.000000 1.000000 0.000000
0.000000 1.000000 0.000000
0.000000 1.000000 0.000000
0.000000 1.000000 0.000000
0.000000 1.000000 0.000000
0.000000 1.000000 0.000000
0.000000 1.000000 0.000000
0.000000 1.000000 0.000000
0.000000 1.000000 0.000000
0.000000 1.000000 0.000000
0.000000 1.000000 0.000000
0.000000 1.000000 0.000000
0.000000 1.000000 0.000000
0.000000 1.000000 0.000000
0.000000 1.000000 0.000000
0.000000 1.000000 0.000000
0.000000 1.000000 0.000000
0.000000 1.000000 0.000000
0.000000 1.000000 0.000000
0.000000 1.000000 0.000000
0.000000 1.000000 0.000000
0.000000 1.000000 0.000000
0.000000 1.000000 0.000000
0.000000 1.000000 0.000000
0.000000 1.000000 0.000000
-1.000000 0.000000 0.000000
-1.000000 0.000000 0.000000
-1.000000 0.000000 0.000000
-1.000000 0.000000 0.000000
-1.000000 0.000000 0.000000
-1.000000 0.000000 0.000000
-1.000000 0.000000 0.000000
-1.000000 0.000000 0.000000
-1.000000 0.000000 0.000000
-1.000000 0.000000 0.000000
-1.000000 0.000000 0.000000
-1.000000 0.000000 0.000000
-1.000000 0.000000 0.000000
-1.000000 0.000000 0.000000
-1.000000 0.000000 0.000000
-1.000000 0.000000 0.000000
-1.000000 0.000000 0.000000
-1.000000 0.000000 0.000000
-1.000000 0.000000 0.000000
-1.000000 0.000000 0.000000
-1.000000 0.000000 0.000000
-1.000000 0.000000 0.000000
-1.000000 0.000000 0.000000
-1.000000 0.000000 0.000000
-1.000000 0.000000 0.000000
-1.000000 0.000000 0.000000
-1.000000 0.000000 0.000000
-1.000000 0.000000 0.000000
-1.000000 0.000000 0.000000
-1.000000 0.000000 0.000000
</float_array>
          <technique_common>
            <accessor source="#Box01-lib-Normal0-array" count="132" stride="3">
              <param name="X" type="float"/>
              <param name="Y" type="float"/>
              <param name="Z" type="float"/>
            </accessor>
          </technique_common>
        </source>
        <source id="Box01-lib-UV0">
          <float_array id="Box01-lib-UV0-array" count="264">
7.043924 -46.997738
-6.043927 -46.997738
-6.043927 -46.997738
-5.303785 -46.997738
7.043924 47.997738
-6.043927 47.997738
-6.043927 47.997738
-5.303785 47.997738
7.043924 -27.998642
-6.043927 -27.998642
-5.303785 -27.998642
-6.043927 -27.998642
7.043924 -8.999546
-6.043927 -8.999546
-5.303785 -8.999546
-6.043927 -8.999546
7.043924 9.999550
-6.043927 9.999550
-5.303785 9.999550
-6.043927 9.999550
7.043924 28.998646
-6.043927 28.998646
-5.303785 28.998646
-6.043927 28.998646
6.303785 -6.043924
6.303782 7.043927
-5.303785 7.043924
-5.303785 7.043924
-5.303782 -6.043927
6.303785 -6.043924
-5.303785 -6.043924
6.303782 -6.043927
6.303785 7.043924
6.303785 7.043924
-5.303782 7.043927
-5.303785 -6.043924
-5.303785 -46.997738
6.303782 -46.997738
6.303782 -27.998642
6.303782 -27.998642
-5.303785 -27.998642
-5.303785 -46.997738
-5.303785 -27.998642
6.303782 -27.998642
6.303782 -8.999546
6.303782 -8.999546
-5.303785 -8.999546
-5.303785 -27.998642
-5.303785 -8.999546
6.303782 -8.999546
6.303782 9.999550
6.303782 9.999550
-5.303785 9.999550
-5.303785 -8.999546
-5.303785 9.999550
6.303782 9.999550
6.303782 28.998646
6.303782 28.998646
-5.303785 28.998646
-5.303785 9.999550
-5.303785 28.998646
6.303782 28.998646
6.303782 47.997738
6.303782 47.997738
-5.303785 47.997738
-5.303785 28.998646
-6.043927 -46.997738
7.043924 -46.997738
7.043924 -27.998642
7.043924 -27.998642
-6.043927 -27.998642
-6.043927 -27.998642
7.043924 -27.998642
7.043924 -8.999546
7.043924 -8.999546
-6.043927 -8.999546
-6.043927 -8.999546
7.043924 -8.999546
7.043924 9.999550
7.043924 9.999550
-6.043927 9.999550
-6.043927 9.999550
7.043924 9.999550
7.043924 28.998646
7.043924 28.998646
-6.043927 28.998646
-6.043927 28.998646
7.043924 28.998646
7.043924 47.997738
7.043924 47.997738
-5.303785 -46.997738
6.303782 -46.997738
6.303782 -27.998642
6.303782 -27.998642
-5.303785 -27.998642
-5.303785 -27.998642
6.303782 -27.998642
6.303782 -8.999546
6.303782 -8.999546
-5.303785 -8.999546
-5.303785 -8.999546
6.303782 -8.999546
6.303782 9.999550
6.303782 9.999550
-5.303785 9.999550
-5.303785 9.999550
6.303782 9.999550
6.303782 28.998646
6.303782 28.998646
-5.303785 28.998646
-5.303785 28.998646
6.303782 28.998646
6.303782 47.997738
6.303782 47.997738
-6.043927 -46.997738
7.043924 -27.998642
7.043924 -27.998642
-6.043927 -27.998642
-6.043927 -27.998642
7.043924 -8.999546
7.043924 -8.999546
-6.043927 -8.999546
-6.043927 -8.999546
7.043924 9.999550
7.043924 9.999550
-6.043927 9.999550
-6.043927 9.999550
7.043924 28.998646
7.043924 28.998646
-6.043927 28.998646
-6.043927 28.998646
7.043924 47.997738
</float_array>
          <technique_common>
            <accessor source="#Box01-lib-UV0-array" count="132" stride="2">
              <param name="S" type="float"/>
              <param name="T" type="float"/>
            </accessor>
          </technique_common>
        </source>
        <vertices id="Box01-lib-Vertex">
          <input semantic="POSITION" source="#Box01-lib-Position"/>
        </vertices>
        <polygons count="44">
          <input semantic="VERTEX" offset="0" source="#Box01-lib-Vertex"/>
          <input semantic="NORMAL" offset="1" source="#Box01-lib-Normal0"/>
          <input semantic="TEXCOORD" offset="2" set="0" source="#Box01-lib-UV0"/>
          <p>0 0 24 2 1 25 3 2 26</p>
          <p>3 3 27 1 4 28 0 5 29</p>
          <p>4 6 30 5 7 31 7 8 32</p>
          <p>7 9 33 6 10 34 4 11 35</p>
          <p>0 12 36 1 13 37 9 14 38</p>
          <p>9 15 39 8 16 40 0 17 41</p>
          <p>8 18 42 9 19 43 13 20 44</p>
          <p>13 21 45 12 22 46 8 23 47</p>
          <p>12 24 48 13 25 49 17 26 50</p>
          <p>17 27 51 16 28 52 12 29 53</p>
          <p>16 30 54 17 31 55 21 32 56</p>
          <p>21 33 57 20 34 58 16 35 59</p>
          <p>20 36 60 21 37 61 5 38 62</p>
          <p>5 39 63 4 40 64 20 41 65</p>
          <p>1 42 66 3 43 67 10 44 68</p>
          <p>10 45 69 9 46 70 1 47 1</p>
          <p>9 48 71 10 49 72 14 50 73</p>
          <p>14 51 74 13 52 75 9 53 9</p>
          <p>13 54 76 14 55 77 18 56 78</p>
          <p>18 57 79 17 58 80 13 59 13</p>
          <p>17 60 81 18 61 82 22 62 83</p>
          <p>22 63 84 21 64 85 17 65 17</p>
          <p>21 66 86 22 67 87 7 68 88</p>
          <p>7 69 89 5 70 5 21 71 21</p>
          <p>3 72 90 2 73 91 11 74 92</p>
          <p>11 75 93 10 76 94 3 77 3</p>
          <p>10 78 95 11 79 96 15 80 97</p>
          <p>15 81 98 14 82 99 10 83 10</p>
          <p>14 84 100 15 85 101 19 86 102</p>
          <p>19 87 103 18 88 104 14 89 14</p>
          <p>18 90 105 19 91 106 23 92 107</p>
          <p>23 93 108 22 94 109 18 95 18</p>
          <p>22 96 110 23 97 111 6 98 112</p>
          <p>6 99 113 7 100 7 22 101 22</p>
          <p>2 102 114 0 103 0 8 104 115</p>
          <p>8 105 116 11 106 117 2 107 2</p>
          <p>11 108 118 8 109 8 12 110 119</p>
          <p>12 111 120 15 112 121 11 113 11</p>
          <p>15 114 122 12 115 12 16 116 123</p>
          <p>16 117 124 19 118 125 15 119 15</p>
          <p>19 120 126 16 121 16 20 122 127</p>
          <p>20 123 128 23 124 129 19 125 19</p>
          <p>23 126 130 20 127 20 4 128 131</p>
          <p>4 129 4 6 130 6 23 131 23</p>
        </polygons>
      </mesh>
    </geometry>
  </library_geometries>
  <library_controllers>
    <controller id="Box01Controller">
      <skin source="#Box01-lib">
        <bind_shape_matrix>0.502202 0.000000 -0.000000 -0.027079 0.000000 0.000000 1.000000 0.000000 0.000000 -0.502202 0.000000 -0.024467 0.000000 0.000000 0.000000 1.000000
</bind_shape_matrix>
        <source id="Box01Controller-Joints">
          <Name_array id="Box01Controller-Joints-array" count="4">
 Bone01 Bone03 Bone04 Bone02</Name_array>
          <technique_common>
            <accessor source="#Box01Controller-Joints-array" count="4">
              <param type="name"/>
            </accessor>
          </technique_common>
        </source>
        <source id="Box01Controller-Matrices">
          <float_array id="Box01Controller-Matrices-array" count="64">

0.000000 1.000000 -0.000000 -0.000000 -1.000000 0.000000 0.000000 -0.000000 0.000000 -0.000000 1.000000 -0.000000 0.000000 0.000000 0.000000 1.000000
0.000000 1.000000 -0.000000 -70.000000 -1.000000 0.000000 0.000000 -0.000000 0.000000 -0.000000 1.000000 -0.000003 0.000000 0.000000 0.000000 1.000000
0.000000 1.000000 -0.000000 -90.000000 -1.000000 0.000000 0.000000 0.000000 0.000000 -0.000000 1.000000 -0.000004 0.000000 0.000000 0.000000 1.000000
0.000000 1.000000 -0.000000 -30.000000 -1.000000 0.000000 0.000000 -0.000000 0.000000 -0.000000 1.000000 -0.000001 0.000000 0.000000 0.000000 1.000000</float_array>
          <technique_common>
            <accessor source="#Box01Controller-Matrices-array" count="4" stride="16">
              <param type="float4x4"/>
            </accessor>
          </technique_common>
        </source>
        <source id="Box01Controller-Weights">
          <float_array id="Box01Controller-Weights-array" count="29">

1.000000 1.000000 1.000000 1.000000 1.000000 0.012184 0.987816 0.016817 0.983183 0.008131 0.991869 0.012102 0.987898 1.000000 1.000000 1.000000
1.000000 1.000000 1.000000 1.000000 1.000000 1.000000 1.000000 1.000000 1.000000 1.000000 1.000000 1.000000 1.000000</float_array>
          <technique_common>
            <accessor source="#Box01Controller-Weights-array" count="29">
              <param type="float"/>
            </accessor>
          </technique_common>
        </source>
        <joints>
          <input semantic="JOINT" source="#Box01Controller-Joints"/>
          <input semantic="INV_BIND_MATRIX" source="#Box01Controller-Matrices"/>
        </joints>
        <vertex_weights count="24">
          <input semantic="JOINT" offset="0" source="#Box01Controller-Joints"/>
          <input semantic="WEIGHT" offset="1" source="#Box01Controller-Weights"/>
          <vcount>1 1 1 1 2 2 2 2 1 1 1 1 1 1 1 1 1 1 1 1 1 1 1 1</vcount>
          <v>0 1 0 2 0 3 0 4 1 5 2 6 1 7 2 8 1 9 2 10 1 11 2 12 0 13 0 14 0 15 0 16 3 17 3 18 3 19 3 20 3 21 3 22 3 23 3 24 1 25 1 26 1 27 1 28</v>
        </vertex_weights>
      </skin>
    </controller>
  </library_controllers>
  <library_animations>
    <animation id="Bone01-anim" name="Bone01">
      <animation>
        <source id="Bone01-Matrix-animation-input">
          <float_array id="Bone01-Matrix-animation-input-array" count="70">

0.033333 0.066667 0.100000 0.133333 0.166667 0.200000 0.233333 0.266667 0.300000 0.333333 0.366667 0.400000 0.433333 0.466667 0.500000 0.533333
0.566667 0.600000 0.633333 0.666667 0.700000 0.733333 0.766667 0.800000 0.833333 0.866667 0.900000 0.933333 0.966667 1.000000 1.033333 1.066667
1.100000 1.133333 1.166667 1.200000 1.233333 1.266667 1.300000 1.333333 1.366667 1.400000 1.433333 1.466667 1.500000 1.533333 1.566667 1.600000
1.633333 1.666667 1.700000 1.733333 1.766667 1.800000 1.833333 1.866667 1.900000 1.933333 1.966667 2.000000 2.033333 2.066667 2.100000 2.133333
2.166667 2.200000 2.233333 2.266667 2.300000 2.333333</float_array>
          <technique_common>
            <accessor source="#Bone01-Matrix-animation-input-array" count="70">
              <param name="TIME" type="float"/>
            </accessor>
          </technique_common>
        </source>
        <source id="Bone01-Matrix-animation-output-transform">
          <float_array id="Bone01-Matrix-animation-output-transform-array" count="1120">

-0.000000 -1.000000 -0.000000 0.000000 1.000000 -0.000000 -0.000000 0.000000 0.000000 -0.000000 1.000000 0.000000 0.000000 0.000000 0.000000 1.000000
-0.008982 -0.999960 -0.000000 0.000000 0.999960 -0.008982 -0.000000 0.000000 0.000000 -0.000000 1.000000 0.000000 0.000000 0.000000 0.000000 1.000000
-0.033041 -0.999454 -0.000000 0.000000 0.999454 -0.033041 -0.000000 0.000000 0.000000 -0.000000 1.000000 0.000000 0.000000 0.000000 0.000000 1.000000
-0.067830 -0.997697 -0.000000 0.000000 0.997697 -0.067830 -0.000000 0.000000 0.000000 -0.000000 1.000000 0.000000 0.000000 0.000000 0.000000 1.000000
-0.108959 -0.994046 -0.000000 0.000000 0.994046 -0.108959 -0.000000 0.000000 0.000000 -0.000000 1.000000 0.000000 0.000000 0.000000 0.000000 1.000000
-0.152032 -0.988376 -0.000000 0.000000 0.988376 -0.152032 -0.000000 0.000000 0.000000 -0.000000 1.000000 0.000000 0.000000 0.000000 0.000000 1.000000
-0.192705 -0.981257 -0.000000 0.000000 0.981257 -0.192705 -0.000000 0.000000 0.000000 -0.000000 1.000000 0.000000 0.000000 0.000000 0.000000 1.000000
-0.226763 -0.973950 -0.000000 0.000000 0.973950 -0.226763 -0.000000 0.000000 0.000000 -0.000000 1.000000 0.000000 0.000000 0.000000 0.000000 1.000000
-0.250133 -0.968211 -0.000000 0.000000 0.968211 -0.250133 -0.000000 0.000000 0.000000 -0.000000 1.000000 0.000000 0.000000 0.000000 0.000000 1.000000
-0.258819 -0.965926 -0.000000 0.000000 0.965926 -0.258819 -0.000000 0.000000 0.000000 -0.000000 1.000000 0.000000 0.000000 0.000000 0.000000 1.000000
-0.258320 -0.966059 -0.000000 0.000000 0.966059 -0.258320 -0.000000 0.000000 0.000000 -0.000000 1.000000 0.000000 0.000000 0.000000 0.000000 1.000000
-0.256848 -0.966452 -0.000000 0.000000 0.966452 -0.256848 -0.000000 0.000000 0.000000 -0.000000 1.000000 0.000000 0.000000 0.000000 0.000000 1.000000
-0.254445 -0.967087 -0.000000 0.000000 0.967087 -0.254445 -0.000000 0.000000 0.000000 -0.000000 1.000000 0.000000 0.000000 0.000000 0.000000 1.000000
-0.251147 -0.967949 -0.000000 0.000000 0.967949 -0.251147 -0.000000 0.000000 0.000000 -0.000000 1.000000 0.000000 0.000000 0.000000 0.000000 1.000000
-0.246994 -0.969017 -0.000000 0.000000 0.969017 -0.246994 -0.000000 0.000000 0.000000 -0.000000 1.000000 0.000000 0.000000 0.000000 0.000000 1.000000
-0.242024 -0.970270 -0.000000 0.000000 0.970270 -0.242024 -0.000000 0.000000 0.000000 -0.000000 1.000000 0.000000 0.000000 0.000000 0.000000 1.000000
-0.236274 -0.971686 -0.000000 0.000000 0.971686 -0.236274 -0.000000 0.000000 0.000000 -0.000000 1.000000 0.000000 0.000000 0.000000 0.000000 1.000000
-0.229782 -0.973242 -0.000000 0.000000 0.973242 -0.229782 -0.000000 0.000000 0.000000 -0.000000 1.000000 0.000000 0.000000 0.000000 0.000000 1.000000
-0.222586 -0.974913 -0.000000 0.000000 0.974913 -0.222586 -0.000000 0.000000 0.000000 -0.000000 1.000000 0.000000 0.000000 0.000000 0.000000 1.000000
-0.214724 -0.976675 -0.000000 0.000000 0.976675 -0.214724 -0.000000 0.000000 0.000000 -0.000000 1.000000 0.000000 0.000000 0.000000 0.000000 1.000000
-0.206233 -0.978503 -0.000000 0.000000 0.978503 -0.206233 -0.000000 0.000000 0.000000 -0.000000 1.000000 0.000000 0.000000 0.000000 0.000000 1.000000
-0.197151 -0.980373 -0.000000 0.000000 0.980373 -0.197151 -0.000000 0.000000 0.000000 -0.000000 1.000000 0.000000 0.000000 0.000000 0.000000 1.000000
-0.187519 -0.982261 -0.000000 0.000000 0.982261 -0.187519 -0.000000 0.000000 0.000000 -0.000000 1.000000 0.000000 0.000000 0.000000 0.000000 1.000000
-0.177373 -0.984144 -0.000000 0.000000 0.984144 -0.177373 -0.000000 0.000000 0.000000 -0.000000 1.000000 0.000000 0.000000 0.000000 0.000000 1.000000
-0.166755 -0.985998 -0.000000 0.000000 0.985998 -0.166755 -0.000000 0.000000 0.000000 -0.000000 1.000000 0.000000 0.000000 0.000000 0.000000 1.000000
-0.155704 -0.987804 -0.000000 0.000000 0.987804 -0.155704 -0.000000 0.000000 0.000000 -0.000000 1.000000 0.000000 0.000000 0.000000 0.000000 1.000000
-0.144261 -0.989540 -0.000000 0.000000 0.989540 -0.144261 -0.000000 0.000000 0.000000 -0.000000 1.000000 0.000000 0.000000 0.000000 0.000000 1.000000
-0.132466 -0.991188 -0.000000 0.000000 0.991188 -0.132466 -0.000000 0.000000 0.000000 -0.000000 1.000000 0.000000 0.000000 0.000000 0.000000 1.000000
-0.120362 -0.992730 -0.000000 0.000000 0.992730 -0.120362 -0.000000 0.000000 0.000000 -0.000000 1.000000 0.000000 0.000000 0.000000 0.000000 1.000000
-0.107991 -0.994152 -0.000000 0.000000 0.994152 -0.107991 -0.000000 0.000000 0.000000 -0.000000 1.000000 0.000000 0.000000 0.000000 0.000000 1.000000
-0.095394 -0.995440 -0.000000 0.000000 0.995440 -0.095394 -0.000000 0.000000 0.000000 -0.000000 1.000000 0.000000 0.000000 0.000000 0.000000 1.000000
-0.082615 -0.996582 -0.000000 0.000000 0.996582 -0.082615 -0.000000 0.000000 0.000000 -0.000000 1.000000 0.000000 0.000000 0.000000 0.000000 1.000000
-0.069697 -0.997568 -0.000000 0.000000 0.997568 -0.069697 -0.000000 0.000000 0.000000 -0.000000 1.000000 0.000000 0.000000 0.000000 0.000000 1.000000
-0.056684 -0.998392 -0.000000 0.000000 0.998392 -0.056684 -0.000000 0.000000 0.000000 -0.000000 1.000000 0.000000 0.000000 0.000000 0.000000 1.000000
-0.043620 -0.999048 -0.000000 0.000000 0.999048 -0.043620 -0.000000 0.000000 0.000000 -0.000000 1.000000 0.000000 0.000000 0.000000 0.000000 1.000000
-0.030548 -0.999533 -0.000000 0.000000 0.999533 -0.030548 -0.000000 0.000000 0.000000 -0.000000 1.000000 0.000000 0.000000 0.000000 0.000000 1.000000
-0.017512 -0.999847 -0.000000 0.000000 0.999847 -0.017512 -0.000000 0.000000 0.000000 -0.000000 1.000000 0.000000 0.000000 0.000000 0.000000 1.000000
-0.004558 -0.999990 -0.000000 0.000000 0.999990 -0.004558 -0.000000 0.000000 0.000000 -0.000000 1.000000 0.000000 0.000000 0.000000 0.000000 1.000000
0.008272 -0.999966 -0.000000 0.000000 0.999966 0.008272 -0.000000 0.000000 0.000000 -0.000000 1.000000 0.000000 0.000000 0.000000 0.000000 1.000000
0.020933 -0.999781 -0.000000 0.000000 0.999781 0.020933 -0.000000 0.000000 0.000000 -0.000000 1.000000 0.000000 0.000000 0.000000 0.000000 1.000000
0.033382 -0.999443 -0.000000 0.000000 0.999443 0.033382 -0.000000 0.000000 0.000000 -0.000000 1.000000 0.000000 0.000000 0.000000 0.000000 1.000000
0.045574 -0.998961 -0.000000 0.000000 0.998961 0.045574 -0.000000 0.000000 0.000000 -0.000000 1.000000 0.000000 0.000000 0.000000 0.000000 1.000000
0.057468 -0.998347 -0.000000 0.000000 0.998347 0.057468 -0.000000 0.000000 0.000000 -0.000000 1.000000 0.000000 0.000000 0.000000 0.000000 1.000000
0.069019 -0.997615 -0.000000 0.000000 0.997615 0.069019 -0.000000 0.000000 0.000000 -0.000000 1.000000 0.000000 0.000000 0.000000 0.000000 1.000000
0.080185 -0.996780 -0.000000 0.000000 0.996780 0.080185 -0.000000 0.000000 0.000000 -0.000000 1.000000 0.000000 0.000000 0.000000 0.000000 1.000000
0.090924 -0.995858 -0.000000 0.000000 0.995858 0.090924 -0.000000 0.000000 0.000000 -0.000000 1.000000 0.000000 0.000000 0.000000 0.000000 1.000000
0.101195 -0.994867 -0.000000 0.000000 0.994867 0.101195 -0.000000 0.000000 0.000000 -0.000000 1.000000 0.000000 0.000000 0.000000 0.000000 1.000000
0.110956 -0.993825 -0.000000 0.000000 0.993825 0.110956 -0.000000 0.000000 0.000000 -0.000000 1.000000 0.000000 0.000000 0.000000 0.000000 1.000000
0.120165 -0.992754 -0.000000 0.000000 0.992754 0.120165 -0.000000 0.000000 0.000000 -0.000000 1.000000 0.000000 0.000000 0.000000 0.000000 1.000000
0.128783 -0.991673 -0.000000 0.000000 0.991673 0.128783 -0.000000 0.000000 0.000000 -0.000000 1.000000 0.000000 0.000000 0.000000 0.000000 1.000000
0.136770 -0.990603 -0.000000 0.000000 0.990603 0.136770 -0.000000 0.000000 0.000000 -0.000000 1.000000 0.000000 0.000000 0.000000 0.000000 1.000000
0.144084 -0.989565 -0.000000 0.000000 0.989565 0.144084 -0.000000 0.000000 0.000000 -0.000000 1.000000 0.000000 0.000000 0.000000 0.000000 1.000000
0.150687 -0.988582 -0.000000 0.000000 0.988582 0.150687 -0.000000 0.000000 0.000000 -0.000000 1.000000 0.000000 0.000000 0.000000 0.000000 1.000000
0.156538 -0.987672 -0.000000 0.000000 0.987672 0.156538 -0.000000 0.000000 0.000000 -0.000000 1.000000 0.000000 0.000000 0.000000 0.000000 1.000000
0.161598 -0.986857 -0.000000 0.000000 0.986857 0.161598 -0.000000 0.000000 0.000000 -0.000000 1.000000 0.000000 0.000000 0.000000 0.000000 1.000000
0.165829 -0.986155 -0.000000 0.000000 0.986155 0.165829 -0.000000 0.000000 0.000000 -0.000000 1.000000 0.000000 0.000000 0.000000 0.000000 1.000000
0.169189 -0.985584 -0.000000 0.000000 0.985584 0.169189 -0.000000 0.000000 0.000000 -0.000000 1.000000 0.000000 0.000000 0.000000 0.000000 1.000000
0.171639 -0.985160 -0.000000 0.000000 0.985160 0.171639 -0.000000 0.000000 0.000000 -0.000000 1.000000 0.000000 0.000000 0.000000 0.000000 1.000000
0.173139 -0.984897 -0.000000 0.000000 0.984897 0.173139 -0.000000 0.000000 0.000000 -0.000000 1.000000 0.000000 0.000000 0.000000 0.000000 1.000000
0.173648 -0.984808 -0.000000 0.000000 0.984808 0.173648 -0.000000 0.000000 0.000000 -0.000000 1.000000 0.000000 0.000000 0.000000 0.000000 1.000000
0.168831 -0.985645 -0.000000 0.000000 0.985645 0.168831 -0.000000 0.000000 0.000000 -0.000000 1.000000 0.000000 0.000000 0.000000 0.000000 1.000000
0.155740 -0.987798 -0.000000 0.000000 0.987798 0.155740 -0.000000 0.000000 0.000000 -0.000000 1.000000 0.000000 0.000000 0.000000 0.000000 1.000000
0.136401 -0.990654 -0.000000 0.000000 0.990654 0.136401 -0.000000 0.000000 0.000000 -0.000000 1.000000 0.000000 0.000000 0.000000 0.000000 1.000000
0.112853 -0.993612 -0.000000 0.000000 0.993612 0.112853 -0.000000 0.000000 0.000000 -0.000000 1.000000 0.000000 0.000000 0.000000 0.000000 1.000000
0.087155 -0.996195 -0.000000 0.000000 0.996195 0.087155 -0.000000 0.000000 0.000000 -0.000000 1.000000 0.000000 0.000000 0.000000 0.000000 1.000000
0.061400 -0.998113 -0.000000 0.000000 0.998113 0.061400 -0.000000 0.000000 0.000000 -0.000000 1.000000 0.000000 0.000000 0.000000 0.000000 1.000000
0.037696 -0.999289 -0.000000 0.000000 0.999289 0.037696 -0.000000 0.000000 0.000000 -0.000000 1.000000 0.000000 0.000000 0.000000 0.000000 1.000000
0.018155 -0.999835 -0.000000 0.000000 0.999835 0.018155 -0.000000 0.000000 0.000000 -0.000000 1.000000 0.000000 0.000000 0.000000 0.000000 1.000000
0.004889 -0.999988 -0.000000 0.000000 0.999988 0.004889 -0.000000 0.000000 0.000000 -0.000000 1.000000 0.000000 0.000000 0.000000 0.000000 1.000000
-0.000000 -1.000000 -0.000000 0.000000 1.000000 -0.000000 -0.000000 0.000000 0.000000 -0.000000 1.000000 0.000000 0.000000 0.000000 0.000000 1.000000</float_array>
          <technique_common>
            <accessor source="#Bone01-Matrix-animation-output-transform-array" count="70" stride="16">
              <param type="float4x4"/>
            </accessor>
          </technique_common>
        </source>
        <source id="Bone01-Interpolations">
          <Name_array id="Bone01-Interpolations-array" count="70">
 LINEAR LINEAR LINEAR LINEAR LINEAR LINEAR LINEAR LINEAR LINEAR LINEAR LINEAR
LINEAR LINEAR LINEAR LINEAR LINEAR LINEAR LINEAR LINEAR LINEAR LINEAR LINEAR LINEAR
LINEAR LINEAR LINEAR LINEAR LINEAR LINEAR LINEAR LINEAR LINEAR LINEAR LINEAR LINEAR
LINEAR LINEAR LINEAR LINEAR LINEAR LINEAR LINEAR LINEAR LINEAR LINEAR LINEAR LINEAR
LINEAR LINEAR LINEAR LINEAR LINEAR LINEAR LINEAR LINEAR LINEAR LINEAR LINEAR LINEAR
LINEAR LINEAR LINEAR LINEAR LINEAR LINEAR LINEAR LINEAR LINEAR LINEAR LINEAR</Name_array>
          <technique_common>
            <accessor source="#Bone01-Interpolations-array" count="70">
              <param type="name"/>
            </accessor>
          </technique_common>
        </source>
        <sampler id="Bone01-Matrix-animation-transform">
          <input semantic="INPUT" source="#Bone01-Matrix-animation-input"/>
          <input semantic="OUTPUT" source="#Bone01-Matrix-animation-output-transform"/>
          <input semantic="INTERPOLATION" source="#Bone01-Interpolations"/>
        </sampler>
        <channel source="#Bone01-Matrix-animation-transform" target="Bone01/matrix"/>
      </animation>
    </animation>
    <animation id="Bone02-anim" name="Bone02">
      <animation>
        <source id="Bone02-Matrix-animation-input">
          <float_array id="Bone02-Matrix-animation-input-array" count="50">

0.033333 0.066667 0.100000 0.133333 0.166667 0.200000 0.233333 0.266667 0.300000 0.333333 0.366667 0.400000 0.433333 0.466667 0.500000 0.533333
0.566667 0.600000 0.633333 0.666667 0.700000 0.733333 0.766667 0.800000 0.833333 0.866667 0.900000 0.933333 0.966667 1.000000 1.033333 1.066667
1.100000 1.133333 1.166667 1.200000 1.233333 1.266667 1.300000 1.333333 1.366667 1.400000 1.433333 1.466667 1.500000 1.533333 1.566667 1.600000
1.633333 1.666667</float_array>
          <technique_common>
            <accessor source="#Bone02-Matrix-animation-input-array" count="50">
              <param name="TIME" type="float"/>
            </accessor>
          </technique_common>
        </source>
        <source id="Bone02-Matrix-animation-output-transform">
          <float_array id="Bone02-Matrix-animation-output-transform-array" count="800">

1.000000 -0.000000 0.000000 30.000000 -0.000000 1.000000 0.000000 -0.000005 0.000000 0.000000 1.000000 0.000001 0.000000 0.000000 0.000000 1.000000
0.999994 -0.003501 0.000000 30.000000 0.003501 0.999994 0.000000 -0.000005 0.000000 -0.000000 1.000000 0.000001 0.000000 0.000000 0.000000 1.000000
0.999909 -0.013491 0.000000 30.000000 0.013491 0.999909 0.000000 -0.000005 -0.000000 0.000000 1.000000 0.000001 0.000000 0.000000 0.000000 1.000000
0.999573 -0.029204 0.000000 30.000000 0.029204 0.999573 0.000000 -0.000005 -0.000000 0.000000 1.000000 0.000001 0.000000 0.000000 0.000000 1.000000
0.998756 -0.049866 0.000000 30.000000 0.049866 0.998756 0.000000 -0.000005 0.000000 -0.000000 1.000000 0.000001 0.000000 0.000000 0.000000 1.000000
0.997207 -0.074692 0.000000 30.000000 0.074692 0.997207 0.000000 -0.000005 0.000000 0.000000 1.000000 0.000001 0.000000 0.000000 0.000000 1.000000
0.994693 -0.102887 0.000000 30.000000 0.102887 0.994693 0.000000 -0.000005 -0.000000 0.000000 1.000000 0.000001 0.000000 0.000000 0.000000 1.000000
0.991029 -0.133646 0.000000 30.000000 0.133646 0.991029 0.000000 -0.000005 -0.000000 0.000000 1.000000 0.000001 0.000000 0.000000 0.000000 1.000000
0.986099 -0.166158 0.000000 30.000000 0.166158 0.986099 -0.000000 -0.000005 -0.000000 0.000000 1.000000 0.000001 0.000000 0.000000 0.000000 1.000000
0.979875 -0.199611 0.000000 30.000000 0.199611 0.979875 0.000000 -0.000005 0.000000 0.000000 1.000000 0.000001 0.000000 0.000000 0.000000 1.000000
0.972428 -0.233204 0.000000 30.000000 0.233204 0.972428 0.000000 -0.000005 -0.000000 0.000000 1.000000 0.000001 0.000000 0.000000 0.000000 1.000000
0.963931 -0.266153 0.000000 30.000000 0.266153 0.963931 0.000000 -0.000005 0.000000 0.000000 1.000000 0.000001 0.000000 0.000000 0.000000 1.000000
0.954659 -0.297703 0.000000 30.000000 0.297703 0.954659 0.000000 -0.000005 0.000000 0.000000 1.000000 0.000001 0.000000 0.000000 0.000000 1.000000
0.944980 -0.327128 0.000000 30.000000 0.327128 0.944980 0.000000 -0.000005 -0.000000 0.000000 1.000000 0.000001 0.000000 0.000000 0.000000 1.000000
0.935342 -0.353744 0.000000 30.000000 0.353744 0.935342 0.000000 -0.000005 -0.000000 0.000000 1.000000 0.000001 0.000000 0.000000 0.000000 1.000000
0.926254 -0.376899 -0.000000 30.000000 0.376899 0.926254 0.000000 -0.000005 -0.000000 0.000000 1.000000 0.000001 0.000000 0.000000 0.000000 1.000000
0.918264 -0.395970 0.000000 30.000000 0.395970 0.918264 0.000000 -0.000005 0.000000 0.000000 1.000000 0.000001 0.000000 0.000000 0.000000 1.000000
0.911927 -0.410352 0.000000 30.000000 0.410352 0.911927 0.000000 -0.000005 0.000000 0.000000 1.000000 0.000001 0.000000 0.000000 0.000000 1.000000
0.907782 -0.419443 0.000000 30.000000 0.419443 0.907782 0.000000 -0.000005 0.000000 -0.000000 1.000000 0.000001 0.000000 0.000000 0.000000 1.000000
0.906308 -0.422618 0.000000 30.000000 0.422618 0.906308 0.000000 -0.000005 0.000000 0.000000 1.000000 0.000001 0.000000 0.000000 0.000000 1.000000
0.906908 -0.421328 0.000000 30.000000 0.421328 0.906908 0.000000 -0.000005 0.000000 0.000000 1.000000 0.000001 0.000000 0.000000 0.000000 1.000000
0.908644 -0.417571 0.000000 30.000000 0.417571 0.908644 0.000000 -0.000005 -0.000000 0.000000 1.000000 0.000001 0.000000 0.000000 0.000000 1.000000
0.911405 -0.411510 0.000000 30.000000 0.411510 0.911405 0.000000 -0.000005 0.000000 -0.000000 1.000000 0.000001 0.000000 0.000000 0.000000 1.000000
0.915067 -0.403302 0.000000 30.000000 0.403302 0.915067 0.000000 -0.000005 0.000000 0.000000 1.000000 0.000001 0.000000 0.000000 0.000000 1.000000
0.919495 -0.393101 0.000000 30.000000 0.393101 0.919495 0.000000 -0.000005 -0.000000 0.000000 1.000000 0.000001 0.000000 0.000000 0.000000 1.000000
0.924551 -0.381059 0.000000 30.000000 0.381059 0.924551 0.000000 -0.000005 -0.000000 0.000000 1.000000 0.000001 0.000000 0.000000 0.000000 1.000000
0.930090 -0.367331 0.000000 30.000000 0.367331 0.930090 0.000000 -0.000005 0.000000 -0.000000 1.000000 0.000001 0.000000 0.000000 0.000000 1.000000
0.935973 -0.352071 0.000000 30.000000 0.352071 0.935973 -0.000000 -0.000005 -0.000000 0.000000 1.000000 0.000001 0.000000 0.000000 0.000000 1.000000
0.942062 -0.335438 0.000000 30.000000 0.335438 0.942062 0.000000 -0.000005 0.000000 0.000000 1.000000 0.000001 0.000000 0.000000 0.000000 1.000000
0.948225 -0.317599 0.000000 30.000000 0.317599 0.948225 -0.000000 -0.000005 -0.000000 0.000000 1.000000 0.000001 0.000000 0.000000 0.000000 1.000000
0.954340 -0.298722 0.000000 30.000000 0.298722 0.954340 0.000000 -0.000005 0.000000 0.000000 1.000000 0.000001 0.000000 0.000000 0.000000 1.000000
0.960296 -0.278982 0.000000 30.000000 0.278982 0.960296 0.000000 -0.000005 0.000000 0.000000 1.000000 0.000001 0.000000 0.000000 0.000000 1.000000
0.965994 -0.258563 0.000000 30.000000 0.258563 0.965994 0.000000 -0.000005 -0.000000 -0.000000 1.000000 0.000001 0.000000 0.000000 0.000000 1.000000
0.971351 -0.237651 0.000000 30.000000 0.237651 0.971351 0.000000 -0.000005 0.000000 -0.000000 1.000000 0.000001 0.000000 0.000000 0.000000 1.000000
0.976296 -0.216440 0.000000 30.000000 0.216440 0.976296 0.000000 -0.000005 -0.000000 0.000000 1.000000 0.000001 0.000000 0.000000 0.000000 1.000000
0.980778 -0.195125 0.000000 30.000000 0.195125 0.980778 0.000000 -0.000005 0.000000 -0.000000 1.000000 0.000001 0.000000 0.000000 0.000000 1.000000
0.984762 -0.173909 0.000000 30.000000 0.173909 0.984762 0.000000 -0.000005 0.000000 0.000000 1.000000 0.000001 0.000000 0.000000 0.000000 1.000000
0.988227 -0.152995 0.000000 30.000000 0.152995 0.988227 0.000000 -0.000005 0.000000 -0.000000 1.000000 0.000001 0.000000 0.000000 0.000000 1.000000
0.991171 -0.132588 0.000000 30.000000 0.132588 0.991171 0.000000 -0.000005 0.000000 -0.000000 1.000000 0.000001 0.000000 0.000000 0.000000 1.000000
0.993607 -0.112895 0.000000 30.000000 0.112895 0.993607 -0.000000 -0.000005 -0.000000 0.000000 1.000000 0.000001 0.000000 0.000000 0.000000 1.000000
0.995561 -0.094122 0.000000 30.000000 0.094122 0.995561 0.000000 -0.000005 -0.000000 0.000000 1.000000 0.000001 0.000000 0.000000 0.000000 1.000000
0.997071 -0.076475 -0.000000 30.000000 0.076475 0.997071 0.000000 -0.000005 0.000000 -0.000000 1.000000 0.000001 0.000000 0.000000 0.000000 1.000000
0.998189 -0.060159 0.000000 30.000000 0.060159 0.998189 0.000000 -0.000005 -0.000000 0.000000 1.000000 0.000001 0.000000 0.000000 0.000000 1.000000
0.998970 -0.045375 -0.000000 30.000000 0.045375 0.998970 0.000000 -0.000005 0.000000 -0.000000 1.000000 0.000001 0.000000 0.000000 0.000000 1.000000
0.999477 -0.032325 0.000000 30.000000 0.032325 0.999477 0.000000 -0.000005 -0.000000 0.000000 1.000000 0.000001 0.000000 0.000000 0.000000 1.000000
0.999775 -0.021209 0.000000 30.000000 0.021209 0.999775 0.000000 -0.000005 0.000000 -0.000000 1.000000 0.000001 0.000000 0.000000 0.000000 1.000000
0.999925 -0.012222 0.000000 30.000000 0.012222 0.999925 0.000000 -0.000005 0.000000 -0.000000 1.000000 0.000001 0.000000 0.000000 0.000000 1.000000
0.999985 -0.005562 0.000000 30.000000 0.005562 0.999985 0.000000 -0.000005 0.000000 -0.000000 1.000000 0.000001 0.000000 0.000000 0.000000 1.000000
0.999999 -0.001423 0.000000 30.000000 0.001423 0.999999 0.000000 -0.000005 -0.000000 -0.000000 1.000000 0.000001 0.000000 0.000000 0.000000 1.000000
1.000000 -0.000000 0.000000 30.000000 -0.000000 1.000000 0.000000 -0.000005 0.000000 0.000000 1.000000 0.000001 0.000000 0.000000 0.000000 1.000000</float_array>
          <technique_common>
            <accessor source="#Bone02-Matrix-animation-output-transform-array" count="50" stride="16">
              <param type="float4x4"/>
            </accessor>
          </technique_common>
        </source>
        <source id="Bone02-Interpolations">
          <Name_array id="Bone02-Interpolations-array" count="50">
 LINEAR LINEAR LINEAR LINEAR LINEAR LINEAR LINEAR LINEAR LINEAR LINEAR LINEAR
LINEAR LINEAR LINEAR LINEAR LINEAR LINEAR LINEAR LINEAR LINEAR LINEAR LINEAR LINEAR
LINEAR LINEAR LINEAR LINEAR LINEAR LINEAR LINEAR LINEAR LINEAR LINEAR LINEAR LINEAR
LINEAR LINEAR LINEAR LINEAR LINEAR LINEAR LINEAR LINEAR LINEAR LINEAR LINEAR LINEAR
LINEAR LINEAR LINEAR</Name_array>
          <technique_common>
            <accessor source="#Bone02-Interpolations-array" count="50">
              <param type="name"/>
            </accessor>
          </technique_common>
        </source>
        <sampler id="Bone02-Matrix-animation-transform">
          <input semantic="INPUT" source="#Bone02-Matrix-animation-input"/>
          <input semantic="OUTPUT" source="#Bone02-Matrix-animation-output-transform"/>
          <input semantic="INTERPOLATION" source="#Bone02-Interpolations"/>
        </sampler>
        <channel source="#Bone02-Matrix-animation-transform" target="Bone02/matrix"/>
      </animation>
    </animation>
    <animation id="Bone03-anim" name="Bone03">
      <animation>
        <source id="Bone03-Matrix-animation-input">
          <float_array id="Bone03-Matrix-animation-input-array" count="40">

0.033333 0.066667 0.100000 0.133333 0.166667 0.200000 0.233333 0.266667 0.300000 0.333333 0.366667 0.400000 0.433333 0.466667 0.500000 0.533333
0.566667 0.600000 0.633333 0.666667 0.700000 0.733333 0.766667 0.800000 0.833333 0.866667 0.900000 0.933333 0.966667 1.000000 1.033333 1.066667
1.100000 1.133333 1.166667 1.200000 1.233333 1.266667 1.300000 1.333333</float_array>
          <technique_common>
            <accessor source="#Bone03-Matrix-animation-input-array" count="40">
              <param name="TIME" type="float"/>
            </accessor>
          </technique_common>
        </source>
        <source id="Bone03-Matrix-animation-output-transform">
          <float_array id="Bone03-Matrix-animation-output-transform-array" count="640">

1.000000 -0.000000 0.000000 40.000000 -0.000000 1.000000 0.000000 -0.000007 0.000000 0.000000 1.000000 0.000002 0.000000 0.000000 0.000000 1.000000
0.999998 -0.002130 -0.000000 40.000000 0.002130 0.999998 0.000000 -0.000007 -0.000000 0.000000 1.000000 0.000002 0.000000 0.000000 0.000000 1.000000
0.999965 -0.008319 0.000000 40.000000 0.008319 0.999965 0.000000 -0.000007 -0.000000 0.000000 1.000000 0.000002 0.000000 0.000000 0.000000 1.000000
0.999833 -0.018266 0.000000 40.000000 0.018266 0.999833 0.000000 -0.000007 -0.000000 0.000000 1.000000 0.000002 0.000000 0.000000 0.000000 1.000000
0.999499 -0.031665 0.000000 40.000000 0.031665 0.999499 0.000000 -0.000007 -0.000000 0.000000 1.000000 0.000002 0.000000 0.000000 0.000000 1.000000
0.998837 -0.048211 0.000000 40.000000 0.048211 0.998837 -0.000000 -0.000007 0.000000 0.000000 1.000000 0.000002 0.000000 0.000000 0.000000 1.000000
0.997713 -0.067592 0.000000 40.000000 0.067592 0.997713 0.000000 -0.000007 0.000000 0.000000 1.000000 0.000002 0.000000 0.000000 0.000000 1.000000
0.995988 -0.089491 0.000000 40.000000 0.089491 0.995988 -0.000000 -0.000007 0.000000 0.000000 1.000000 0.000002 0.000000 0.000000 0.000000 1.000000
0.993528 -0.113586 0.000000 40.000000 0.113586 0.993528 0.000000 -0.000007 0.000000 -0.000000 1.000000 0.000002 0.000000 0.000000 0.000000 1.000000
0.990215 -0.139548 0.000000 40.000000 0.139548 0.990215 0.000000 -0.000007 0.000000 -0.000000 1.000000 0.000002 0.000000 0.000000 0.000000 1.000000
0.985949 -0.167044 0.000000 40.000000 0.167044 0.985949 0.000000 -0.000007 0.000000 -0.000000 1.000000 0.000002 0.000000 0.000000 0.000000 1.000000
0.980657 -0.195736 0.000000 40.000000 0.195736 0.980657 0.000000 -0.000007 0.000000 0.000000 1.000000 0.000002 0.000000 0.000000 0.000000 1.000000
0.974293 -0.225285 0.000000 40.000000 0.225285 0.974293 0.000000 -0.000007 0.000000 0.000000 1.000000 0.000002 0.000000 0.000000 0.000000 1.000000
